       301
0.000000 0.001843
0.186504 0.001333
0.263968 0.001242
0.323118 0.001272
0.373115 0.001290
0.417123 0.001322
0.456911 0.001334
0.493529 0.001338
0.528388 0.001365
0.562895 0.001374
0.597755 0.001365
0.632615 0.001342
0.667123 0.001306
0.701983 0.001270
0.736843 0.001244
0.771704 0.001261
0.806212 0.001331
0.841073 0.001458
0.875934 0.001708
0.910443 0.001998
0.945305 0.002113
0.980166 0.002184
1.015032 0.002388
1.049544 0.002623
1.084416 0.002802
1.119284 0.003156
1.153806 0.003350
1.188677 0.003575
1.223550 0.003847
1.258070 0.004233
1.292942 0.004376
1.327816 0.004935
1.362334 0.005267
1.397208 0.005617
1.432079 0.005779
1.466601 0.006174
1.501475 0.007221
1.536351 0.007739
1.570877 0.008602
1.605755 0.009288
1.640636 0.009786
1.675165 0.010477
1.710027 0.011382
1.744857 0.012666
1.779676 0.014473
1.814494 0.016584
1.848962 0.018456
1.883785 0.019612
1.918608 0.020414
1.953426 0.021356
1.988253 0.022258
2.022746 0.023378
2.057597 0.024745
2.092442 0.026242
2.127271 0.027837
2.162083 0.029246
2.196522 0.030548
2.231294 0.031919
2.266048 0.033095
2.300785 0.033973
2.335855 0.034615
2.370569 0.035394
2.405284 0.036470
2.440003 0.037709
2.474729 0.039059
2.509448 0.040307
2.544152 0.041114
2.578839 0.042056
2.613853 0.043227
2.648492 0.044322
2.683452 0.045119
2.718036 0.046043
2.752950 0.047032
2.787495 0.047855
2.822365 0.048933
2.857211 0.050297
2.891684 0.051450
2.926480 0.052393
2.961255 0.053713
2.996011 0.054931
3.030744 0.055945
3.065799 0.056906
3.100481 0.057834
3.135136 0.058741
3.169763 0.059775
3.204709 0.060830
3.239283 0.062090
3.274176 0.063491
3.309045 0.064746
3.343549 0.065880
3.378377 0.067071
3.413179 0.068111
3.447950 0.068975
3.482689 0.069833
3.517398 0.070930
3.552423 0.072122
3.587083 0.073437
3.621719 0.074821
3.656674 0.076205
3.691259 0.077339
3.726158 0.078382
3.760685 0.079312
3.795524 0.080275
3.830333 0.081289
3.865111 0.082418
3.899862 0.083681
3.934585 0.084897
3.969277 0.085999
4.004277 0.087181
4.038900 0.088346
4.073487 0.089488
4.108380 0.090717
4.143242 0.092103
4.178073 0.093469
4.212534 0.094719
4.247298 0.095890
4.282024 0.096965
4.317052 0.098061
4.351709 0.099290
4.386331 0.100642
4.421254 0.101854
4.456145 0.102930
4.490669 0.103894
4.525494 0.104836
4.560282 0.105928
4.595033 0.107154
4.629748 0.108450
4.664430 0.109964
4.699409 0.111480
4.734017 0.113023
4.768919 0.114357
4.803451 0.115700
4.838280 0.117284
4.873072 0.119063
4.907825 0.120462
4.942540 0.121468
4.977213 0.122630
5.012177 0.124263
5.046770 0.126012
5.081656 0.127527
5.116506 0.128898
5.151313 0.130374
5.185746 0.131880
5.220790 0.133230
5.255462 0.134741
5.290092 0.136461
5.325002 0.137664
5.359540 0.138802
5.394357 0.139951
5.429126 0.141354
5.463850 0.143277
5.498849 0.146157
5.533471 0.149897
5.568366 0.152787
5.602890 0.154553
5.637690 0.156165
5.672442 0.157470
5.707146 0.158940
5.742120 0.160408
5.776719 0.161959
5.811587 0.163350
5.846405 0.164989
5.881174 0.166553
5.915894 0.168175
5.950567 0.170345
5.985504 0.173184
6.020067 0.175924
6.054893 0.178080
6.089665 0.180273
6.124387 0.181831
6.159058 0.183699
6.193994 0.185820
6.228557 0.188475
6.263372 0.191802
6.298132 0.194731
6.332839 0.197242
6.367803 0.200455
6.402397 0.202781
6.437242 0.204876
6.472024 0.207219
6.506745 0.209291
6.541407 0.212119
6.576318 0.215270
6.610857 0.217988
6.645638 0.220617
6.680657 0.222918
6.715304 0.225290
6.749889 0.227673
6.784723 0.231138
6.819494 0.233774
6.854198 0.236090
6.889137 0.238248
6.923707 0.240100
6.958516 0.241854
6.993262 0.244418
7.028244 0.247445
7.062854 0.250159
7.097695 0.252566
7.132469 0.255153
7.167176 0.258377
7.201818 0.261127
7.236692 0.263951
7.271497 0.267879
7.306228 0.272256
7.340887 0.278597
7.375770 0.284716
7.410578 0.290310
7.445316 0.295107
7.479988 0.299335
7.514595 0.303142
7.549427 0.307495
7.584193 0.311740
7.618889 0.316131
7.653804 0.320927
7.688640 0.326012
7.723395 0.330786
7.758068 0.334376
7.792658 0.339576
7.827459 0.347647
7.862186 0.356804
7.897124 0.368095
7.931708 0.377407
7.966507 0.386132
8.001231 0.392543
8.036163 0.404763
8.070736 0.418367
8.105513 0.429502
8.140490 0.435382
8.175102 0.442270
8.209916 0.452701
8.244648 0.465516
8.279304 0.480639
8.314159 0.501188
8.348929 0.531396
8.383595 0.566332
8.418438 0.598879
8.453189 0.631266
8.487843 0.662299
8.522668 0.692900
8.557397 0.726156
8.592306 0.758612
8.627108 0.789657
8.661814 0.822954
8.696434 0.854045
8.731214 0.884488
8.765900 0.914828
8.800755 0.943627
8.835505 0.971053
8.870425 0.998102
8.904986 1.024589
8.939707 1.050520
8.974592 1.076354
9.009387 1.101769
9.044078 1.127417
9.078932 1.152915
9.113690 1.177230
9.148346 1.201352
9.183155 1.225508
9.217855 1.248747
9.252702 1.273202
9.287445 1.298415
9.322073 1.326774
9.356867 1.362773
9.391562 1.406958
9.426408 1.448890
9.461156 1.485927
9.496031 1.523183
9.530781 1.560514
9.565413 1.595960
9.600165 1.629558
9.635055 1.663160
9.669849 1.696562
9.704536 1.728169
9.739361 1.758651
9.774084 1.788970
9.808703 1.819105
9.843466 1.848208
9.878359 1.875524
9.913152 1.902484
9.947853 1.929356
9.982457 1.955548
10.017420 1.980552
10.052020 2.004836
10.086753 2.029603
10.121629 2.054553
10.156403 2.078778
10.191055 2.101459
10.225795 2.123036
10.260635 2.144417
10.295368 2.166232
10.330233 2.188809
10.364985 2.210895
10.399618 2.231923
10.434343 2.251545
10.469145 2.269894
10.504027 2.288059
10.538793 2.306695
10.573460 2.325845
10.608258 2.345415
10.642946 2.364593
10.677513 2.382734
