       301
0.000000 -0.000860
0.186504 -0.000727
0.263968 -0.000792
0.323118 -0.000788
0.373115 -0.000787
0.417123 -0.000766
0.456911 -0.000782
0.493529 -0.000761
0.528388 -0.000766
0.562895 -0.000763
0.597755 -0.000764
0.632615 -0.000751
0.667123 -0.000744
0.701983 -0.000746
0.736843 -0.000737
0.771704 -0.000795
0.806212 -0.000904
0.841073 -0.001019
0.875934 -0.001174
0.910443 -0.001507
0.945305 -0.001405
0.980166 -0.001359
1.015032 -0.001122
1.049544 -0.001129
1.084416 -0.001196
1.119284 -0.001555
1.153806 -0.001588
1.188677 -0.001605
1.223550 -0.001601
1.258070 -0.001626
1.292942 -0.001494
1.327816 -0.001556
1.362334 -0.001791
1.397208 -0.001948
1.432079 -0.001974
1.466601 -0.001998
1.501475 -0.002158
1.536351 -0.002262
1.570877 -0.002345
1.605755 -0.002424
1.640636 -0.002578
1.675165 -0.002760
1.710027 -0.002801
1.744857 -0.002915
1.779676 -0.003149
1.814494 -0.003435
1.848962 -0.003786
1.883785 -0.003950
1.918608 -0.004089
1.953426 -0.004209
1.988253 -0.004296
2.022746 -0.004507
2.057597 -0.004767
2.092442 -0.005008
2.127271 -0.005303
2.162083 -0.005500
2.196522 -0.005679
2.231294 -0.005825
2.266048 -0.005974
2.300785 -0.006071
2.335855 -0.006124
2.370569 -0.006214
2.405284 -0.006370
2.440003 -0.006545
2.474729 -0.006684
2.509448 -0.006705
2.544152 -0.006688
2.578839 -0.006670
2.613853 -0.006693
2.648492 -0.006742
2.683452 -0.006804
2.718036 -0.006881
2.752950 -0.006967
2.787495 -0.007025
2.822365 -0.007056
2.857211 -0.007044
2.891684 -0.007018
2.926480 -0.006987
2.961255 -0.006999
2.996011 -0.007047
3.030744 -0.007105
3.065799 -0.007164
3.100481 -0.007214
3.135136 -0.007243
3.169763 -0.007260
3.204709 -0.007265
3.239283 -0.007267
3.274176 -0.007261
3.309045 -0.007251
3.343549 -0.007258
3.378377 -0.007281
3.413179 -0.007302
3.447950 -0.007312
3.482689 -0.007326
3.517398 -0.007333
3.552423 -0.007344
3.587083 -0.007355
3.621719 -0.007360
3.656674 -0.007353
3.691259 -0.007351
3.726158 -0.007365
3.760685 -0.007395
3.795524 -0.007437
3.830333 -0.007483
3.865111 -0.007531
3.899862 -0.007577
3.934585 -0.007622
3.969277 -0.007668
4.004277 -0.007725
4.038900 -0.007794
4.073487 -0.007868
4.108380 -0.007961
4.143242 -0.008068
4.178073 -0.008164
4.212534 -0.008248
4.247298 -0.008320
4.282024 -0.008383
4.317052 -0.008456
4.351709 -0.008545
4.386331 -0.008631
4.421254 -0.008708
4.456145 -0.008783
4.490669 -0.008849
4.525494 -0.008908
4.560282 -0.008971
4.595033 -0.009051
4.629748 -0.009137
4.664430 -0.009228
4.699409 -0.009327
4.734017 -0.009432
4.768919 -0.009521
4.803451 -0.009608
4.838280 -0.009712
4.873072 -0.009819
4.907825 -0.009905
4.942540 -0.009977
4.977213 -0.010062
5.012177 -0.010195
5.046770 -0.010353
5.081656 -0.010476
5.116506 -0.010586
5.151313 -0.010667
5.185746 -0.010765
5.220790 -0.010897
5.255462 -0.011018
5.290092 -0.011138
5.325002 -0.011245
5.359540 -0.011356
5.394357 -0.011466
5.429126 -0.011619
5.463850 -0.011832
5.498849 -0.012101
5.533471 -0.012440
5.568366 -0.012719
5.602890 -0.012876
5.637690 -0.013019
5.672442 -0.013159
5.707146 -0.013323
5.742120 -0.013490
5.776719 -0.013655
5.811587 -0.013794
5.846405 -0.013959
5.881174 -0.014123
5.915894 -0.014275
5.950567 -0.014497
5.985504 -0.014776
6.020067 -0.015042
6.054893 -0.015262
6.089665 -0.015497
6.124387 -0.015667
6.159058 -0.015846
6.193994 -0.016060
6.228557 -0.016323
6.263372 -0.016638
6.298132 -0.016930
6.332839 -0.017224
6.367803 -0.017590
6.402397 -0.017850
6.437242 -0.018097
6.472024 -0.018361
6.506745 -0.018579
6.541407 -0.018869
6.576318 -0.019219
6.610857 -0.019528
6.645638 -0.019798
6.680657 -0.019999
6.715304 -0.020240
6.749889 -0.020484
6.784723 -0.020825
6.819494 -0.021096
6.854198 -0.021324
6.889137 -0.021531
6.923707 -0.021707
6.958516 -0.021859
6.993262 -0.022083
7.028244 -0.022379
7.062854 -0.022663
7.097695 -0.022893
7.132469 -0.023081
7.167176 -0.023366
7.201818 -0.023621
7.236692 -0.023880
7.271497 -0.024232
7.306228 -0.024632
7.340887 -0.025216
7.375770 -0.025746
7.410578 -0.026232
7.445316 -0.026655
7.479988 -0.027025
7.514595 -0.027391
7.549427 -0.027825
7.584193 -0.028231
7.618889 -0.028665
7.653804 -0.029104
7.688640 -0.029533
7.723395 -0.029945
7.758068 -0.030256
7.792658 -0.030664
7.827459 -0.031300
7.862186 -0.032021
7.897124 -0.032708
7.931708 -0.033352
7.966507 -0.033873
8.001231 -0.034322
8.036163 -0.035010
8.070736 -0.035713
8.105513 -0.036252
8.140490 -0.036686
8.175102 -0.037142
8.209916 -0.037714
8.244648 -0.038325
8.279304 -0.038838
8.314159 -0.039437
8.348929 -0.040107
8.383595 -0.040622
8.418438 -0.040859
8.453189 -0.040986
8.487843 -0.041064
8.522668 -0.041124
8.557397 -0.041241
8.592306 -0.041399
8.627108 -0.041606
8.661814 -0.041937
8.696434 -0.042185
8.731214 -0.042490
8.765900 -0.042888
8.800755 -0.043108
8.835505 -0.043255
8.870425 -0.043420
8.904986 -0.043565
8.939707 -0.043665
8.974592 -0.043722
9.009387 -0.043783
9.044078 -0.043852
9.078932 -0.043909
9.113690 -0.043940
9.148346 -0.044047
9.183155 -0.044211
9.217855 -0.044341
9.252702 -0.044499
9.287445 -0.044550
9.322073 -0.044616
9.356867 -0.044615
9.391562 -0.044722
9.426408 -0.044792
9.461156 -0.044856
9.496031 -0.044936
9.530781 -0.044975
9.565413 -0.044957
9.600165 -0.044870
9.635055 -0.044788
9.669849 -0.044770
9.704536 -0.044762
9.739361 -0.044833
9.774084 -0.045030
9.808703 -0.045305
9.843466 -0.045525
9.878359 -0.045698
9.913152 -0.045647
9.947853 -0.045437
9.982457 -0.045110
10.017420 -0.044698
10.052020 -0.044283
10.086753 -0.044000
10.121629 -0.043950
10.156403 -0.044037
10.191055 -0.044164
10.225795 -0.044320
10.260635 -0.044495
10.295368 -0.044729
10.330233 -0.045087
10.364985 -0.045322
10.399618 -0.045400
10.434343 -0.045328
10.469145 -0.045303
10.504027 -0.045247
10.538793 -0.045216
10.573460 -0.045259
10.608258 -0.045238
10.642946 -0.045355
10.677513 -0.045453
